    1      36447 13.689
    2     234406 13.785
    3      15404 13.687
    4     611841 14.163
    5     214638 13.956
    6    1388019 13.935
    7      38616 13.659
    8     437801 13.844
    9     355581 14.203
   10      17511 13.813
   11     172005 13.812
   12       6509 13.765
   13      35634 13.717
   14      86128 13.739
   15      28894 13.794
   16     752780 13.819
   17    1777817 14.228
   18      79896 13.715
   19     168486 13.643
   20     226344 13.858
   21     994711 13.863
   22     298444 13.863
   23     104816 13.917
   24      99927 13.832
   25     420267 14.261
   26     538518 14.433
   27      49160 13.757
   28     474852 13.786
   29     881343 13.849
   30     288288 13.785
   31    1451123 14.372
   32     270144 13.826
   33     223020 13.781
   34     114031 13.761
   35      80664 13.711
   36    1073084 14.160
   37    1398380 15.039
   38     612027 13.957
   39     769874 14.094
   40      31905 13.924
   41     117372 13.818
   42      45326 14.137
   43      73135 13.854
   44      33995 13.802
   45     934957 14.510
   46    3063852 16.335
   47     756807 14.369
   48      24648 13.970
   49      31484 13.956
   50      17455 13.733
   51       6089 14.089
   52      95262 13.963
   53      12183 13.748
   54      25353 13.875
   55     201186 13.890
   56     794935 14.426
   57    1176430 14.108
   58     308656 14.002
   59     288157 13.906
   60     453808 14.548
   61     545702 15.090
   62      90270 13.797
   63    3083596 17.025
   64      85488 13.959
   65     568894 14.889
   66      81696 14.019
   67     246720 14.216
   68    1929023 14.337
   69       9373 9.614
   70     297646 14.000
   71     176646 14.020
   72     303045 14.344
   73     207959 13.909
   74    1273002 14.228
   75     155724 13.764
   76       6482 11.054
   77       5486 13.620
   78       4779 3.219
   79     892613 14.000
   80       7401 13.612
   81     183948 13.668
   82     958435 14.028
   83    1512857 17.033
   84     240744 13.797
   85     143556 13.804
   86      52258 13.646
   87     501179 13.694
   88     354495 13.979
   89    6242320 20.835
   90     569069 13.668
   91      22844 13.707
   92     276296 13.735
   93      82152 13.626
   94     354159 14.147
   95    1475528 14.005
   96     532019 13.730
   97     171037 13.954
   98      62013 13.617
   99     945915 13.785
