    1      50578 6.827
    2     298710 14.367
    3      20499 2.872
    4     810020 14.367
    5     649313 14.366
    6    2525142 14.364
    7      49120 5.304
    8     849900 14.436
    9     499704 14.362
   10      20802 7.456
   11     216210 9.451
   12       7094 1.369
   13      45331 4.615
   14     116436 11.744
   15      66395 8.907
   16    1271705 14.360
   17    3299475 14.371
   18      97300 8.277
   19     228478 10.607
   20     383572 14.354
   21    1408527 14.357
   22     318526 14.364
   23     151271 14.352
   24     122777 12.070
   25     621128 14.370
   26    3342078 14.364
   27     134608 5.084
   28     901283 14.358
   29    1111759 14.359
   30     448773 14.371
   31    4038522 14.364
   32     437755 14.392
   33     307470 11.868
   34     154487 14.185
   35      99383 10.088
   36    2148133 14.362
   37    4233060 14.363
   38    1206867 14.359
   39    1335036 14.358
   40      62724 3.438
   41     150222 6.176
   42      49156 10.259
   43      93112 5.248
   44      45748 4.373
   45    2072200 14.364
   46    4763987 14.363
   47    1423620 14.360
   48     114338 14.356
   49      31115 1.342
   50      22848 1.728
   51      10771 14.354
   52     102633 14.075
   53      13599 1.626
   54     106311 11.354
   55     304408 14.368
   56    1451580 14.359
   57    3989472 14.363
   58    1327888 14.360
   59     514626 14.367
   60     877569 14.362
   61     758688 14.361
   62     108194 5.655
   63    9793261 14.384
   64     137394 14.356
   65     836532 14.358
   66      85230 6.079
   67     659499 14.361
   68    3250687 14.364
   69      14177 1.298
   70     361014 14.373
   71     277569 14.359
   72     482101 14.352
   73     280819 14.367
   74    4175978 14.376
   75     163736 13.597
   76       6386 0.837
   77       5568 1.420
   78       4659 0.477
   79    1554143 14.362
   80      17648 9.686
   81     240879 12.950
   82    1576586 14.362
   83    2966453 14.360
   84     284874 14.358
   85     182344 10.079
   86      53607 2.715
   87     629771 14.372
   88     539065 14.358
   89   10908828 14.366
   90     774093 14.353
   91      34570 3.665
   92     655696 14.382
   93      89831 14.351
   94     730382 14.351
   95    2137003 14.358
   96     786662 14.369
   97     201672 14.366
   98     116660 4.926
   99     971365 14.365
