    1      56474 11.379
    2     349102 28.615
    3      20526 3.080
    4     932206 28.611
    5     885820 28.616
    6    3153084 28.694
    7      53872 16.249
    8     890527 28.680
    9     587653 28.614
   10      23089 22.471
   11     246326 27.993
   12       8353 1.655
   13      45799 9.228
   14     130311 28.162
   15      80002 22.098
   16    1344054 28.604
   17    4371193 28.750
   18     104128 27.915
   19     232598 27.940
   20     478860 28.605
   21    1567087 28.605
   22     353548 28.602
   23     152535 28.611
   24     161788 28.603
   25     680103 28.703
   26    3773820 28.648
   27     185112 13.089
   28     847410 28.618
   29    1299222 28.669
   30     526892 28.635
   31    5935396 28.664
   32     486154 28.610
   33     370480 28.604
   34     167761 28.606
   35     107253 28.140
   36    2483850 28.770
   37    5177128 28.656
   38    1434549 28.637
   39    1415088 28.643
   40      62724 17.280
   41     158326 24.623
   42      52390 27.583
   43     103479 22.465
   44      53169 16.806
   45    2346019 28.908
   46    5864977 28.729
   47    1568400 28.641
   48     143202 28.613
   49      31115 1.453
   50      25687 2.009
   51      11313 16.309
   52     112748 27.898
   53      14408 1.898
   54     108685 12.011
   55     285602 28.601
   56    1573962 28.607
   57    4565019 28.619
   58    1846269 28.615
   59     598040 28.607
   60    1030211 28.607
   61     972543 28.664
   62     111404 15.462
   63   11980187 29.063
   64     146654 28.603
   65     980950 28.647
   66      94743 20.437
   67     802692 28.608
   68    3833515 28.745
   69      14177 1.318
   70     395508 28.611
   71     288467 28.604
   72     504822 28.614
   73     303634 28.615
   74    4982054 28.663
   75     187622 27.900
   76       6386 0.815
   77       5568 1.570
   78       4659 0.477
   79    1749038 28.612
   80      18727 9.346
   81     258609 28.601
   82    1856243 28.630
   83    3804085 28.808
   84     318270 28.604
   85     194560 27.839
   86      53607 3.346
   87     704000 28.613
   88     606209 28.599
   89    8124543 28.765
   90     956394 28.602
   91      34570 6.301
   92     713086 28.604
   93      89936 18.527
   94     781994 28.598
   95    2556556 28.610
   96     830473 28.616
   97     214538 28.489
   98     136762 26.075
   99    1029647 28.605
