    1      45439 135.199
    2     255392 136.983
    3      18842 71.670
    4     776927 136.068
    5     496849 135.467
    6    1388019 138.820
    7      43200 135.187
    8     693222 135.644
    9     417318 135.462
   10      19694 135.286
   11     194312 135.335
   12       7036 17.701
   13      40220 135.295
   14     116351 135.283
   15      43255 135.240
   16    1102512 135.469
   17    2141502 142.392
   18      83332 135.257
   19     183997 135.186
   20     370540 135.498
   21    1129722 136.259
   22     298444 135.201
   23     104816 135.291
   24      99927 135.337
   25     557871 135.218
   26    2331081 136.841
   27      79344 135.311
   28     772143 135.301
   29     958070 135.620
   30     353904 135.426
   31    3012912 138.881
   32     364035 135.306
   33     276710 135.440
   34     138844 135.324
   35      85518 135.173
   36    1603676 136.405
   37    3148770 136.546
   38     752649 136.105
   39    1049141 135.803
   40      53347 112.092
   41     130280 135.296
   42      48579 182.341
   43      79017 135.184
   44      41213 122.794
   45    1661152 135.790
   46    3538869 136.500
   47    1174314 142.016
   48      24648 141.333
   49      31876 35.053
   50      23031 21.484
   51       9481 21.994
   52      95262 135.298
   53      15188 34.485
   54      76597 135.465
   55     248017 135.247
   56     914257 142.195
   57    3200958 143.010
   58     805401 135.763
   59     425977 141.641
   60     754175 141.962
   61     729714 135.409
   62      99215 141.567
   63    6639820 147.496
   64     103787 135.377
   65     827732 139.340
   66      81696 141.304
   67     420246 135.393
   68    2187261 138.599
   69       9365 13.502
   70     298552 135.434
   71     243241 135.794
   72     401899 141.380
   73     249986 135.580
   74    3203139 152.915
   75     155724 172.706
   76       6475 10.909
   77       5659 63.489
   78       4776 43.744
   79    1215779 136.369
   80      15791 16.240
   81     183948 135.247
   82    1489580 136.369
   83    2548280 138.948
   84     240744 135.143
   85     155376 170.586
   86      53840 88.366
   87     541801 135.176
   88     431317 146.620
   89    6893082 135.689
   90     647343 135.663
   91      28501 37.701
   92     598620 135.299
   93      88403 87.134
   94     621207 135.755
   95    1829544 135.877
   96     658118 135.183
   97     180347 135.381
   98      83132 102.585
   99     945915 135.228
