    1      62739 14.345
    2     348192 14.349
    3      20797 14.344
    4     914838 14.361
    5     916007 14.350
    6    3435483 14.355
    7      58440 14.343
    8     908225 14.358
    9     653589 14.357
   10      24140 14.346
   11     262171 14.346
   12       8897 14.346
   13      48167 14.345
   14     138025 14.346
   15      86200 14.346
   16    1384959 14.349
   17    4521396 14.357
   18     108320 14.346
   19     235906 14.346
   20     553700 14.357
   21    1675718 14.352
   22     359276 14.346
   23     161819 14.359
   24     156881 14.350
   25     688493 14.368
   26    4170120 14.367
   27     190176 14.354
   28     923402 14.361
   29    1371684 14.362
   30     567724 14.375
   31    6095441 14.366
   32     485841 14.360
   33     391750 14.348
   34     170585 14.346
   35     107044 14.346
   36    2707244 14.353
   37    5331603 14.356
   38    1543609 14.353
   39    1468881 14.351
   40      62724 14.344
   41     159698 14.344
   42      53603 14.346
   43     110070 14.345
   44      56277 14.345
   45    2389991 14.353
   46    6084493 14.355
   47    1682310 14.350
   48     149642 14.350
   49      31906 14.344
   50      25750 14.344
   51      11313 14.348
   52     114391 14.352
   53      15819 14.352
   54     113666 14.354
   55     490445 14.350
   56    2002278 14.366
   57    4287384 14.364
   58    1854469 14.362
   59     638950 14.355
   60    1074826 14.359
   61    1062422 14.358
   62     115261 14.352
   63   11333360 14.371
   64     158918 14.351
   65     948490 14.361
   66      95918 14.349
   67     935560 14.356
   68    3833481 14.364
   69      14920 14.349
   70     404017 14.361
   71     299194 14.354
   72     543833 14.362
   73     315380 14.367
   74    5071283 14.373
   75     190067 14.355
   76       6846 14.350
   77       5853 14.348
   78       5868 14.351
   79    1901266 14.359
   80      19529 14.354
   81     270063 14.356
   82    1905654 14.359
   83    3776327 14.365
   84     348210 14.361
   85     193748 14.356
   86      57315 14.352
   87     725457 14.356
   88     637897 14.363
   89   12692064 14.374
   90     922566 14.356
   91      37255 14.350
   92     762312 14.356
   93      91770 14.353
   94     789816 14.361
   95    2722130 14.565
   96     841727 14.365
   97     220375 14.352
   98     138004 14.356
   99    1043136 14.357
