    1      56474 10.017
    2     349430 14.353
    3      20526 3.152
    4     931825 14.360
    5     781191 14.365
    6    3153084 14.697
    7      53806 14.347
    8     890527 14.432
    9     495991 14.376
   10      22898 14.370
   11     241882 14.359
   12       8353 1.657
   13      45799 9.111
   14     126936 14.348
   15      77796 14.386
   16    1331841 14.404
   17    4371193 14.388
   18     101808 14.361
   19     231174 14.368
   20     473924 14.353
   21    1558144 14.457
   22     353254 14.426
   23     144555 14.362
   24     141689 14.363
   25     683284 14.370
   26    3773820 14.409
   27     184960 14.372
   28     796264 14.392
   29    1299222 14.356
   30     523804 14.379
   31    5754717 14.398
   32     485280 14.355
   33     347280 14.355
   34     167609 14.356
   35     107249 14.351
   36    2491755 14.367
   37    5177128 14.421
   38    1346800 14.375
   39    1354779 14.440
   40      62724 12.389
   41     158326 13.989
   42      52390 14.269
   43     103479 14.089
   44      52102 14.352
   45    2350969 14.360
   46    5864977 14.441
   47    1580445 14.357
   48      93004 14.351
   49      31115 1.428
   50      25687 1.762
   51      11268 14.361
   52     112747 14.350
   53      14408 1.861
   54     108685 11.944
   55     280275 14.354
   56    1573962 14.382
   57    4418087 14.377
   58    1844865 14.415
   59     559086 14.362
   60    1024945 14.391
   61     972543 14.454
   62     111404 14.009
   63    8202985 14.733
   64     147140 14.351
   65     533170 14.522
   66      93719 14.084
   67     802692 14.365
   68    3700329 14.444
   69      14177 1.350
   70     393449 14.355
   71     288096 14.353
   72     496093 14.368
   73     301020 14.365
   74    4982054 14.613
   75     187622 14.334
   76       6386 0.812
   77       5568 1.541
   78       4659 0.497
   79    1651096 14.362
   80      18727 9.222
   81     256614 14.357
   82    1838253 14.384
   83    3563752 14.400
   84     308712 14.363
   85     188800 14.308
   86      53607 3.369
   87     698700 14.359
   88     599789 14.358
   89    8124543 14.854
   90     857943 14.356
   91      34570 6.246
   92     702558 14.363
   93      89705 14.352
   94     807200 14.351
   95    2520436 14.447
   96     765837 14.356
   97     214381 14.370
   98     136762 14.315
   99    1017835 14.368
