    1      48241 1.681
    2     296982 13.612
    3      18999 0.727
    4     806206 11.433
    5     520712 13.599
    6    2230887 13.610
    7      46526 1.961
    8     802038 13.315
    9     491028 7.042
   10      19849 1.797
   11     205717 3.967
   12       6982 0.302
   13      41242 1.702
   14     113429 4.724
   15      49678 1.740
   16    1258419 6.888
   17    2836045 13.623
   18      94032 3.198
   19     216864 3.820
   20     374884 6.946
   21    1246674 13.597
   22     325736 6.274
   23     140342 3.618
   24      94608 2.982
   25     573940 13.152
   26    2672255 13.621
   27      87728 1.506
   28     759058 6.801
   29     931455 13.609
   30     463929 10.731
   31    4537015 13.623
   32     399091 9.146
   33     293700 2.462
   34     145246 4.757
   35      87818 3.255
   36    1923802 13.609
   37    3559487 13.619
   38     927328 13.618
   39    1234415 13.611
   40      52416 0.987
   41     135034 2.299
   42      47617 3.955
   43      86836 2.061
   44      41808 1.115
   45    1897217 13.618
   46    4705510 13.614
   47    1373217 13.623
   48     115070 4.221
   49      27645 0.412
   50      19446 0.313
   51       9649 1.858
   52      99506 3.272
   53      14293 0.412
   54      87752 1.835
   55     286326 4.089
   56    1077097 13.622
   57    3512468 13.616
   58    1266069 13.615
   59     477645 9.879
   60     872720 13.615
   61     809131 13.611
   62     100819 1.849
   63    9454733 13.628
   64     137859 4.401
   65     802324 13.614
   66      82141 2.518
   67     565471 13.606
   68    2451415 13.621
   69       8435 0.213
   70     358630 10.839
   71     286052 5.828
   72     414610 11.236
   73     280656 9.826
   74    3802202 13.626
   75     160831 4.053
   76       6140 0.197
   77       4466 0.359
   78       4192 0.144
   79    1446746 13.613
   80      16711 0.994
   81     202386 4.036
   82    1559635 13.606
   83    3173375 13.624
   84     326712 6.529
   85     168116 3.087
   86      53570 0.991
   87     565989 13.611
   88     452688 13.603
   89   10035459 13.626
   90     691996 13.600
   91      28134 0.576
   92     641142 5.634
   93      90510 2.288
   94     989778 11.463
   95    2029899 13.604
   96     817518 8.968
   97     187126 6.153
   98      91415 1.441
   99     952401 11.852
