    1    41098 13.811
    2   174488 14.527
    3    14051 3.465
    4   460515 14.473
    5   273699 14.509
    6   545010 14.566
    7    42181 13.869
    8   322494 14.645
    9   176314 14.283
   10     8537 8.086
   11   156402 14.528
   12     3380 1.021
   13    32777 13.753
   14    89904 13.840
   15    22410 5.900
   16   390503 13.916
   17  1766440 14.740
   18    73284 14.116
   19   153897 14.346
   20   237370 14.521
   21   686111 14.495
   22   220188 14.228
   23    37822 13.874
   24    53167 11.101
   25   237437 14.415
   26   926982 14.573
   27    27232 4.853
   28   247415 13.775
   29   360692 13.772
   30   309191 14.488
   31   901062 14.447
   32   237645 14.448
   33   154590 13.724
   34    97472 14.460
   35    78845 13.844
   36   371369 14.514
   37   806721 14.574
   38   396897 14.559
   39   270163 14.533
   40    27274 6.907
   41    97404 13.726
   42    33386 14.523
   43    71892 13.869
   44    28194 6.317
   45  1247568 14.591
   46  1971525 14.586
   47   648525 13.945
   48    51385 9.744
   49    20902 1.822
   50    16515 1.220
   51       0 0.501
   52    74062 13.785
   53    10902 2.010
   54    51355 6.095
   55   101630 13.790
   56       0 7.744
   57   560115 14.613
   58       0 10.606
   59   175461 14.495
   60   379133 14.616
   61   400222 14.470
   62    76403 14.036
   63   982424 14.595
   64    64501 13.954
   65   202668 14.511
   66    58775 14.207
   67   118363 14.516
   68  1186814 14.572
   69     3226 0.833
   70   243922 14.512
   71   125176 14.536
   72   255394 14.521
   73   202589 14.584
   74       0 0.485
   75    91949 14.465
   76     5174 0.944
   77     4137 1.710
   78     2221 0.595
   79   802638 14.555
   80     3908 1.386
   81   140073 13.869
   82   957260 14.540
   83   833412 14.505
   84   105042 9.766
   85   116066 13.864
   86    42665 6.913
   87   411907 14.362
   88   301739 14.558
   89       0 1.931
   90   413691 14.398
   91    12824 2.357
   92   148464 14.058
   93       0 0.548
   94   190653 14.409
   95  1208817 14.380
   96       0 0.207
   97   128421 14.574
   98    87015 10.507
   99   388062 14.062
