    1      47384 13.584
    2     235772 13.738
    3      16686 13.578
    4     738006 13.650
    5     481568 13.671
    6     658569 13.823
    7      43813 13.595
    8     494809 13.648
    9     343373 13.621
   10      20259 13.604
   11     169845 13.647
   12       7290 7.466
   13      39933 13.601
   14     107647 13.639
   15      29280 13.592
   16     978696 13.677
   17    2011581 15.544
   18      79896 13.592
   19     168508 13.617
   20     326976 13.608
   21     983697 14.723
   22     283994 13.666
   23      85255 13.621
   24      83979 13.599
   25     504283 13.684
   26    2476946 14.184
   27      65376 13.587
   28     539894 13.649
   29     759226 13.705
   30     336479 13.631
   31    3116585 14.571
   32     292835 13.682
   33     232070 13.606
   34     112686 13.608
   35      85028 13.628
   36    1682684 14.192
   37    3029551 14.547
   38     604252 13.962
   39     859629 13.879
   40      31669 13.582
   41     129210 13.603
   42      41290 13.638
   43      84930 13.604
   44      38781 13.587
   45    1421063 13.819
   46    2258372 15.206
   47    1144683 13.757
   48      23876 13.609
   49      29272 13.572
   50      23031 8.749
   51      10352 10.850
   52      83450 13.592
   53      13972 13.166
   54      68002 13.604
   55     208160 13.619
   56    1099554 13.702
   57    1306676 13.678
   58     638049 13.746
   59     319800 13.674
   60     686421 13.648
   61     619571 13.662
   62      87137 13.596
   63    6662950 13.917
   64     108843 13.619
   65     838064 13.764
   66      84857 13.598
   67     327181 13.699
   68    2258231 13.915
   69       9701 3.864
   70     328818 13.661
   71     247635 13.647
   72     327214 13.674
   73     248334 13.676
   74    1916335 15.031
   75     145995 13.633
   76       6482 5.102
   77       4324 12.479
   78       5854 1.976
   79    1095936 13.847
   80      17059 10.927
   81     179032 13.611
   82    1264765 14.382
   83    1910458 15.804
   84     233616 13.635
   85     132568 13.609
   86      52822 13.585
   87     507178 13.893
   88     432597 14.269
   89    9636830 17.075
   90     531704 14.231
   91      19590 13.598
   92     412344 13.643
   93      79135 13.636
   94     660669 14.003
   95    1892219 13.901
   96     629458 13.714
   97     168182 13.624
   98      76280 13.619
   99     957065 13.654
