    1      50578 7.117
    2     295480 13.620
    3      20499 3.284
    4     801054 13.618
    5     637945 13.611
    6    2502384 13.613
    7      49120 5.924
    8     843537 13.647
    9     456592 13.610
   10      20802 8.151
   11     216210 10.263
   12       7094 1.569
   13      45331 5.077
   14     116436 12.744
   15      66395 10.155
   16    1259579 13.653
   17    3241379 13.651
   18      97300 9.004
   19     228478 11.756
   20     369608 13.604
   21    1399183 13.612
   22     314510 13.657
   23     116084 13.616
   24     122777 13.473
   25     616278 13.620
   26    3330669 13.620
   27     134608 5.558
   28     875321 13.616
   29    1077065 13.618
   30     420246 13.606
   31    3739249 13.617
   32     434800 13.610
   33     307470 13.013
   34     148907 13.605
   35      99383 10.838
   36    2106464 13.617
   37    4221460 13.614
   38    1195738 13.615
   39    1329933 13.612
   40      62724 5.956
   41     150222 6.723
   42      49156 11.473
   43      93112 5.648
   44      45748 4.629
   45    2057426 13.615
   46    4688921 13.632
   47    1395780 13.609
   48      93531 13.605
   49      31115 1.493
   50      22848 1.928
   51      10588 13.618
   52     102633 9.693
   53      13599 1.716
   54     106311 11.106
   55     297117 13.606
   56    1416807 13.610
   57    3939769 13.619
   58    1320142 13.625
   59     509705 13.622
   60     870144 13.615
   61     787189 13.632
   62     108194 5.644
   63    9665533 13.646
   64     133193 13.614
   65     827780 13.633
   66      85230 6.804
   67     629801 13.628
   68    3221999 13.621
   69      14177 1.418
   70     358799 13.608
   71     270620 13.606
   72     415737 13.611
   73     278637 13.605
   74    4144262 13.625
   75     163141 13.603
   76       6386 0.896
   77       5568 1.546
   78       4659 0.524
   79    1529747 13.614
   80      17648 11.800
   81     240564 13.604
   82    1491810 13.611
   83    2932901 13.642
   84     233670 13.605
   85     179186 13.602
   86      53607 2.900
   87     606563 13.615
   88     527549 13.600
   89   10838457 13.627
   90     732205 13.608
   91      34570 4.388
   92     634133 13.617
   93      89628 13.600
   94     670114 13.617
   95    2056598 13.622
   96     747514 13.601
   97     198100 13.608
   98     116660 5.723
   99     965105 13.613
