    1      56474 8.114
    2     349828 14.374
    3      20526 2.156
    4     931478 14.419
    5     885820 14.364
    6    3352566 14.414
    7      53872 10.954
    8     892384 14.406
    9     603311 14.369
   10      23089 10.691
   11     246326 14.146
   12       8353 1.158
   13      45799 6.715
   14     130311 14.270
   15      80002 13.719
   16    1375844 14.404
   17    4374857 14.385
   18     104128 14.032
   19     232598 14.104
   20     481094 14.357
   21    1615102 14.404
   22     353538 14.364
   23     152287 14.372
   24     161265 14.358
   25     688902 14.370
   26    3847612 14.383
   27     185112 5.888
   28     873427 14.365
   29    1305898 14.362
   30     528143 14.394
   31    6346456 14.372
   32     486373 14.368
   33     366180 14.356
   34     167754 14.357
   35     107238 14.356
   36    2501485 14.369
   37    5350659 14.376
   38    1439862 14.359
   39    1485613 14.358
   40      62724 5.919
   41     158326 10.482
   42      53365 14.356
   43     103479 12.656
   44      53169 9.242
   45    2346019 14.410
   46    5864977 14.376
   47    1619019 14.362
   48     142192 14.357
   49      31115 1.017
   50      25687 1.203
   51      11313 11.032
   52     112748 14.105
   53      14408 1.201
   54     108685 7.821
   55     286239 14.361
   56    1666911 14.382
   57    4669657 14.377
   58    1857963 14.373
   59     595145 14.353
   60    1090499 14.359
   61    1009581 14.364
   62     111404 7.394
   63   11985523 14.381
   64     147762 14.352
   65     983154 14.372
   66      94743 8.986
   67     808009 14.361
   68    3848523 14.397
   69      14177 0.931
   70     395451 14.368
   71     290821 14.366
   72     502880 14.355
   73     314094 14.367
   74    5335262 14.374
   75     190575 14.017
   76       6386 0.587
   77       5568 1.058
   78       4659 0.359
   79    1857088 14.358
   80      18727 6.428
   81     259277 14.357
   82    1952406 14.363
   83    3804085 14.372
   84     328230 14.358
   85     198442 14.058
   86      53607 2.228
   87     724284 14.362
   88     605896 14.359
   89   13094984 14.373
   90     949699 14.358
   91      34570 5.211
   92     710220 14.366
   93      89936 12.473
   94    1079099 14.365
   95    2647625 14.364
   96     839876 14.365
   97     217649 14.354
   98     136762 11.411
   99    1032448 14.358
