    1      36089 13.674
    2     234406 13.810
    3      15404 13.659
    4     596213 14.253
    5     214638 13.911
    6    1388019 13.923
    7      36423 13.649
    8     437801 13.884
    9     355581 13.819
   10      17511 13.717
   11     172005 13.737
   12       6314 13.682
   13      35634 13.625
   14      84663 13.812
   15      28894 13.738
   16     752780 13.795
   17    1777817 14.481
   18      79896 13.703
   19     168486 13.695
   20     226344 13.814
   21     994711 13.941
   22     298444 13.790
   23     104816 13.857
   24      99927 13.871
   25     419632 14.398
   26     538518 14.598
   27      49160 13.778
   28     474852 13.917
   29     881343 13.889
   30     288288 13.829
   31    1451123 14.365
   32     270144 13.870
   33     223020 13.816
   34     114031 13.679
   35      80664 13.837
   36    1073084 14.332
   37    1398380 16.209
   38     612027 13.882
   39     769874 13.990
   40      31686 13.676
   41     117372 13.819
   42      45326 13.884
   43      72691 13.715
   44      33995 13.755
   45     934957 15.422
   46    3063852 14.806
   47     870975 15.205
   48      24648 13.789
   49      31484 13.739
   50      17634 13.778
   51       7044 13.807
   52      95262 13.685
   53      12183 13.664
   54      25345 13.720
   55     201186 13.925
   56     794935 14.011
   57    1176430 13.988
   58     308656 13.814
   59     288157 13.806
   60     453808 13.856
   61     699164 15.645
   62      90270 13.778
   63    3083596 16.679
   64      85488 13.798
   65     568894 15.655
   66      81696 13.770
   67     246720 13.762
   68    1929023 14.748
   69       9365 7.503
   70     297646 14.258
   71     176646 13.859
   72     401899 14.113
   73     186865 13.953
   74    1273002 14.282
   75     155724 13.700
   76       6475 10.310
   77       4510 13.613
   78       4776 3.456
   79     892613 14.140
   80       8502 13.639
   81     183948 13.640
   82     663724 14.084
   83    1472882 16.942
   84     240744 13.642
   85     143556 13.767
   86      52258 13.590
   87     501179 14.131
   88     354495 14.402
   89    5363386 21.399
   90     569069 13.952
   91      22844 13.753
   92     276296 13.682
   93      82152 13.626
   94     354159 13.970
   95    1475528 13.723
   96     393670 13.658
   97     171037 14.008
   98      62013 13.638
   99     945915 13.668
