    1      40386 13.680
    2     186512 13.855
    3      19889 9.323
    4     636755 13.684
    5     439994 13.721
    6    1544715 13.863
    7      46869 13.662
    8     604001 13.759
    9     427322 13.778
   10      17516 13.630
   11     159822 13.712
   12       6767 3.054
   13      34690 13.643
   14      85514 13.714
   15      41761 13.758
   16     727804 13.895
   17    1650042 14.017
   18      69000 13.711
   19     181629 13.683
   20     307024 13.721
   21     673088 13.777
   22     296378 13.773
   23      71606 13.806
   24      98233 13.801
   25     435007 13.740
   26    1546244 14.004
   27      37448 13.788
   28     488589 13.747
   29     732736 13.821
   30     394548 13.796
   31    2613383 13.702
   32     294685 13.757
   33     194110 13.742
   34     101413 13.687
   35      82397 13.672
   36    1404671 13.852
   37    3305034 13.989
   38     630175 14.070
   39     759773 13.934
   40      33226 13.825
   41     112276 13.838
   42      40662 13.756
   43      76438 13.695
   44      31173 13.712
   45     840214 13.829
   46    2594853 14.051
   47     993351 13.761
   48      22211 13.847
   49      28773 7.004
   50      20639 3.859
   51       9099 13.805
   52      73560 13.718
   53      11846 5.155
   54      55484 13.769
   55     225862 13.774
   56     835928 13.814
   57    1357204 13.810
   58     356923 13.971
   59     339663 13.684
   60     744920 13.833
   61     413891 13.823
   62      87665 13.691
   63    2269403 14.107
   64      92077 13.822
   65     650554 13.931
   66      75994 13.680
   67     271201 13.846
   68    1890927 13.839
   69       7213 2.232
   70     262183 13.821
   71     186367 13.788
   72     267485 13.785
   73     231491 14.018
   74    3012855 13.991
   75     149382 13.621
   76       6475 2.256
   77       4180 5.576
   78       4315 1.321
   79     906330 14.048
   80      14157 8.465
   81     142222 13.634
   82    1186473 13.919
   83    1430967 13.656
   84     188742 13.604
   85     128580 13.822
   86      50460 13.161
   87     445731 13.661
   88     364156 13.864
   89    7330771 13.703
   90     575455 13.747
   91      18878 5.165
   92     329857 13.602
   93      78631 13.612
   94     505426 13.841
   95    1400083 13.788
   96     640517 13.646
   97     158825 13.762
   98      64593 13.607
   99     801145 13.616
