    1      39294 13.782
    2     256848 14.049
    3      16215 15.212
    4     776153 14.351
    5     402621 13.937
    6    1798839 15.619
    7      43603 13.760
    8     394233 14.070
    9     293219 15.342
   10      20545 13.756
   11     174260 13.821
   12       6879 15.466
   13      40600 13.645
   14      78954 13.933
   15      24009 15.446
   16     482429 14.173
   17    2586337 17.223
   18      97788 13.936
   19     178556 13.785
   20     262034 13.792
   21     781839 17.951
   22     242452 13.933
   23      80331 13.844
   24      91772 15.241
   25     547150 14.685
   26    1736576 13.980
   27      41944 14.313
   28     476847 14.248
   29     739781 14.082
   30     225825 14.911
   31    1513353 16.059
   32     281965 14.439
   33     202570 14.006
   34     134768 13.800
   35      77552 13.821
   36    1123322 15.909
   37    2359930 16.750
   38     684516 14.257
   39     876115 16.524
   40      30088 13.742
   41     136988 13.942
   42      46816 13.995
   43      83803 13.759
   44      39150 13.777
   45    1594699 14.598
   46    3456871 19.111
   47    1080087 15.757
   48      23077 14.052
   49      30972 13.775
   50      17267 13.732
   51       4549 13.777
   52      76158 13.951
   53      13408 13.823
   54      25345 13.842
   55     192772 13.992
   56     926751 14.371
   57    1269869 14.170
   58     431356 14.341
   59     354955 14.047
   60     850606 14.101
   61     517683 14.046
   62      94273 13.878
   63    2303324 15.202
   64      88437 13.846
   65     789606 14.449
   66      72287 14.025
   67     305758 13.968
   68     841037 14.183
   69       9769 8.601
   70     315876 14.911
   71     221001 14.413
   72     255705 14.092
   73     251362 14.352
   74    2554917 22.466
   75     148557 13.723
   76       6205 12.380
   77       4509 13.834
   78       5890 4.385
   79    1351514 14.046
   80       5743 13.765
   81     165215 13.760
   82    1277249 14.416
   83    2055791 13.956
   84     231300 13.818
   85     140950 14.074
   86      51580 13.768
   87     526151 13.805
   88     320401 13.978
   89    2205686 16.814
   90     702461 14.652
   91      22856 13.888
   92     339852 13.889
   93      86751 13.753
   94     326735 13.977
   95    1475894 14.932
   96      91726 13.752
   97     154706 13.910
   98      78238 13.747
   99     773410 14.165
