    1  8511 0.319
    2 19440 1.687
    3  3619 0.325
    4 59291 1.210
    5 46094 5.480
    6 114492 9.782
    7  9378 0.534
    8 60011 1.856
    9 37388 2.165
   10  2222 0.820
   11 35558 0.896
   12  1587 0.393
   13  6823 0.261
   14 15690 0.669
   15  9767 1.152
   16 58843 2.334
   17 123383 15.206
   18 12540 0.708
   19 21205 0.457
   20 57052 2.008
   21 83723 6.403
   22 31836 0.689
   23 12622 1.906
   24 14163 1.572
   25 43072 1.325
   26 129941 10.572
   27 13704 0.628
   28 44813 3.929
   29 64156 3.301
   30 37458 2.471
   31 203261 14.651
   32 34786 0.870
   33 36810 1.151
   34 17602 0.812
   35 15869 0.590
   36 105969 6.401
   37 175827 11.979
   38 81150 7.427
   39 70375 3.222
   40  7752 0.420
   41 17494 0.666
   42  4468 0.652
   43 15262 0.413
   44  9947 0.495
   45 113641 6.492
   46 203116 13.186
   47 78792 4.045
   48 13572 2.682
   49  5184 0.481
   50  6910 0.350
   51  5024 4.081
   52 19514 1.048
   53  3292 0.350
   54 14656 1.589
   55 35054 2.427
   56 95749 11.240
   57 179253 4.777
   58 54952 8.002
   59 26620 2.692
   60 60161 3.227
   61 65117 4.170
   62 13454 0.527
   63 285827 10.039
   64 12751 1.507
   65 39388 4.100
   66 10552 0.474
   67 39994 7.629
   68 145387 8.100
   69  2867 0.130
   70 31329 0.865
   71 15615 1.298
   72 43067 2.787
   73 24390 1.294
   74 142150 14.710
   75 17813 0.252
   76  2139 0.326
   77  1156 0.532
   78  1263 0.334
   79 86902 5.685
   80  6703 1.821
   81 25288 0.974
   82 115778 2.868
   83 115996 9.950
   84 34086 1.967
   85 28108 0.562
   86  8947 0.512
   87 55917 1.912
   88 48987 3.230
   89 371770 11.468
   90 62261 2.913
   91  5452 0.674
   92 33407 1.856
   93 14826 2.338
   94 40613 4.711
   95 152188 5.432
   96 68506 2.780
   97 16561 0.804
   98 12212 0.469
   99 51801 1.264
