    1      60496 14.396
    2     349996 14.381
    3      20904 14.363
    4     931954 14.388
    5     893829 14.378
    6    3353874 14.466
    7      53872 14.408
    8     893280 14.376
    9     613556 14.371
   10      23089 14.390
   11     246326 14.380
   12       8887 14.354
   13      47118 14.350
   14     130311 14.352
   15      80002 14.361
   16    1375844 14.412
   17    4371193 14.416
   18     104128 14.388
   19     241034 14.370
   20     478860 14.393
   21    1608109 14.406
   22     353482 14.375
   23     152535 14.389
   24     161552 14.371
   25     688195 14.453
   26    3988449 14.362
   27     192416 14.353
   28     869748 14.374
   29    1306688 14.360
   30     529349 14.360
   31    6323749 14.368
   32     486424 14.368
   33     370380 14.354
   34     167763 14.353
   35     107253 14.350
   36    2503765 14.399
   37    5351193 14.377
   38    1518446 14.405
   39    1486973 14.384
   40      62724 14.391
   41     158326 14.387
   42      53365 14.363
   43     103479 14.376
   44      53169 14.353
   45    2350969 14.369
   46    5864977 14.385
   47    1622592 14.390
   48     143202 14.380
   49      32505 14.394
   50      26113 14.357
   51      11313 14.357
   52     112748 14.353
   53      15308 14.349
   54     111432 14.356
   55     370550 14.358
   56    1648647 14.356
   57    4664738 14.374
   58    1876700 14.361
   59     594635 14.371
   60    1086382 14.359
   61    1014322 14.355
   62     112602 14.352
   63   11980187 14.373
   64     148918 14.360
   65     984334 14.366
   66      94743 14.361
   67     808009 14.399
   68    3833515 14.379
   69      14920 14.355
   70     395502 14.368
   71     291027 14.367
   72     504134 14.390
   73     314469 14.371
   74    5331235 14.393
   75     190575 14.370
   76       6482 14.350
   77       5866 14.347
   78       5120 14.348
   79    1856755 14.356
   80      18727 14.356
   81     259668 14.354
   82    1952767 14.363
   83    3804085 14.389
   84     328596 14.372
   85     198442 14.353
   86      56967 14.352
   87     725501 14.374
   88     606512 14.366
   89   13087235 14.388
   90     956969 14.362
   91      35818 14.351
   92     710884 14.362
   93      89936 14.356
   94    1079099 14.370
   95    2649954 14.384
   96     858902 14.385
   97     217804 14.372
   98     136762 14.358
   99    1029099 14.389
