    1      48724 4.088
    2     258270 13.629
    3      17988 1.333
    4     703385 13.587
    5     513202 13.631
    6    1709223 13.610
    7      45690 4.528
    8     637838 13.606
    9     440783 13.592
   10      19069 3.398
   11     189560 10.611
   12       6334 0.468
   13      41945 3.805
   14     105630 12.863
   15      50909 3.160
   16    1062228 13.601
   17    2288056 13.702
   18      80084 7.439
   19     180379 9.494
   20     328750 13.582
   21    1130793 13.600
   22     301964 13.585
   23     106912 7.219
   24      91114 5.325
   25     520618 13.592
   26    1649327 13.624
   27      85152 2.632
   28     717602 13.594
   29     809139 13.592
   30     345927 13.587
   31    2465674 13.603
   32     360429 13.586
   33     260660 4.817
   34     136972 12.164
   35      86978 8.455
   36    1613795 13.615
   37    2716747 13.688
   38    1042137 13.611
   39    1116394 13.650
   40      49785 1.894
   41     130644 5.580
   42      46050 11.154
   43      91651 5.131
   44      37086 1.921
   45    1336152 13.620
   46    3045871 13.603
   47    1219434 13.650
   48     134720 7.149
   49      25054 0.738
   50      19997 0.524
   51       9317 3.013
   52      94589 7.935
   53      13129 0.707
   54      92617 3.446
   55     266806 7.636
   56     821584 13.598
   57    1896027 13.716
   58     839557 13.611
   59     382537 13.586
   60     796772 13.667
   61     713586 13.590
   62      95516 4.495
   63    6338792 13.641
   64     117585 8.993
   65     861576 13.622
   66      83421 6.452
   67     383765 13.599
   68    2142451 13.639
   69       6472 0.311
   70     333475 13.607
   71     249655 13.183
   72     353455 13.583
   73     264813 13.592
   74    2719918 13.978
   75     153528 10.339
   76       6140 0.288
   77       4647 0.562
   78       4450 0.167
   79    1498836 13.605
   80      15781 1.718
   81     201409 9.393
   82    1283505 13.672
   83    2148018 13.649
   84     282360 11.301
   85     149614 7.579
   86      57503 2.070
   87     532011 13.614
   88     391842 13.610
   89    6335301 13.632
   90     565022 13.602
   91      19306 1.125
   92     440652 12.519
   93      79618 3.892
   94     584323 13.611
   95    1787412 13.649
   96     724589 13.595
   97     171772 13.593
   98      85420 3.004
   99     797632 13.618
