    1      56474 8.200
    2     349430 14.375
    3      20526 3.139
    4     930716 14.374
    5     885820 14.374
    6    3344349 14.439
    7      53872 11.013
    8     892384 14.369
    9     563895 14.356
   10      22933 14.360
   11     246326 14.279
   12       8353 1.622
   13      45799 7.115
   14     131412 14.357
   15      78437 14.357
   16    1334440 14.399
   17    4371193 14.384
   18     101812 14.361
   19     232591 14.360
   20     478860 14.360
   21    1558144 14.416
   22     353240 14.380
   23     150083 14.378
   24     150952 14.377
   25     683552 14.392
   26    3847612 14.367
   27     185112 8.825
   28     869994 14.369
   29    1304419 14.362
   30     526892 14.374
   31    6323749 14.383
   32     486229 14.467
   33     367790 14.360
   34     167655 14.363
   35     107245 14.357
   36    2483850 14.374
   37    5177128 14.383
   38    1436347 14.371
   39    1456414 14.367
   40      62724 8.972
   41     158326 13.917
   42      52390 14.166
   43     103479 14.154
   44      53169 12.402
   45    2348272 14.374
   46    5864977 14.383
   47    1570863 14.368
   48     115146 14.365
   49      31115 1.455
   50      25687 1.802
   51      11248 14.383
   52     112747 14.357
   53      14408 1.828
   54     108685 11.711
   55     248865 14.356
   56    1652405 14.383
   57    4656180 14.379
   58    1857963 14.378
   59     596184 14.365
   60    1024945 14.373
   61    1009581 14.366
   62     111404 10.687
   63   11987283 14.414
   64     148500 14.370
   65     980950 14.369
   66      94743 13.888
   67     796844 14.374
   68    3833515 14.379
   69      14177 2.279
   70     395136 14.393
   71     290955 14.362
   72     496093 14.358
   73     302637 14.370
   74    5331235 14.421
   75     187576 14.356
   76       6386 0.850
   77       5568 1.594
   78       4659 0.518
   79    1829515 14.387
   80      18727 13.281
   81     256614 14.362
   82    1895103 14.370
   83    3804085 14.370
   84     310542 14.365
   85     188800 14.213
   86      53607 3.336
   87     701994 14.372
   88     601785 14.371
   89   13103678 14.373
   90     955894 14.359
   91      34570 6.581
   92     711916 14.373
   93      89754 14.355
   94    1079099 14.371
   95    2645118 14.357
   96     832797 14.388
   97     214182 14.355
   98     136762 14.309
   99    1030899 14.361
