    1      43049 13.708
    2     174450 14.626
    3      16686 13.833
    4     661838 13.944
    5     309523 13.839
    6     658569 14.034
    7      43756 13.654
    8     494809 14.272
    9     328371 14.266
   10      20259 13.740
   11     169845 13.823
   12       6361 13.671
   13      37648 13.689
   14     107647 13.787
   15      27325 13.782
   16     467197 14.160
   17    2011581 18.249
   18      79872 13.818
   19     147549 13.690
   20     326976 13.903
   21     983697 14.463
   22     220196 13.725
   23      85255 13.990
   24      79726 13.834
   25     489970 14.258
   26    2476946 14.625
   27      65376 13.913
   28     539894 14.290
   29     759226 13.893
   30     230709 14.458
   31    1868387 16.294
   32     292835 13.959
   33     208210 13.938
   34     112575 13.913
   35      85028 13.686
   36    1682684 15.267
   37    2506564 14.367
   38     604252 13.942
   39     859629 14.723
   40      31669 13.755
   41     129210 13.707
   42      40101 13.849
   43      84930 13.886
   44      38781 13.688
   45    1421063 16.977
   46    1984468 16.077
   47     778899 14.943
   48      23876 13.897
   49      29262 13.829
   50      18832 13.801
   51       6831 13.885
   52      81090 13.815
   53      13203 13.823
   54      22740 13.867
   55     208160 13.853
   56     444508 13.931
   57    1092858 14.659
   58     638049 14.370
   59     319800 14.056
   60     606904 13.981
   61     515738 14.008
   62      87137 13.760
   63    6662950 24.683
   64     108843 13.956
   65     838064 16.607
   66      84857 13.820
   67     327181 14.086
   68    1723481 14.493
   69       9701 6.396
   70     328818 14.165
   71     137148 13.890
   72     327214 13.937
   73     248334 14.234
   74    1121570 14.118
   75     132099 13.715
   76       6482 9.680
   77       3919 13.711
   78       5854 2.640
   79    1095936 13.946
   80      15879 13.614
   81     179032 13.671
   82    1264765 15.445
   83    1910458 15.163
   84     233616 13.751
   85     131132 13.941
   86      52822 13.615
   87     507178 13.659
   88     333605 14.016
   89    9636830 19.338
   90     531704 14.191
   91      19590 13.867
   92     412344 13.745
   93      79135 13.672
   94     627123 15.161
   95    1892219 14.129
   96     629458 13.707
   97     168182 13.883
   98      76280 13.630
   99     875488 14.027
