    1  2850 0.553
    2  4858 7.209
    3  2114 0.623
    4 14064 4.814
    5 19808 9.527
    6 27801 37.717
    7  3735 0.760
    8 17466 5.635
    9 17589 4.282
   10  1097 1.581
   11 10524 1.126
   12  1255 0.485
   13  2168 0.738
   14  4619 1.627
   15  6380 2.038
   16 21753 10.625
   17 29342 53.253
   18  5204 1.174
   19  7859 1.261
   20 20252 2.626
   21 16789 15.723
   22  8330 2.238
   23  4815 5.540
   24  9249 2.385
   25  9047 6.904
   26 30216 48.173
   27  7344 1.417
   28 16650 15.661
   29 20070 9.915
   30 14041 4.969
   31 48971 40.929
   32  8524 3.499
   33 15970 2.553
   34  5644 1.922
   35  3446 1.275
   36 23124 23.180
   37 38039 42.822
   38 29983 12.671
   39 14799 14.358
   40  4353 0.703
   41  7590 0.852
   42  1722 1.420
   43  5425 0.797
   44  4429 0.866
   45 19129 25.388
   46 40118 42.047
   47 20724 12.041
   48  7684 7.172
   49  2464 0.440
   50  3806 0.450
   51  4059 4.879
   52  4617 1.221
   53  1614 0.602
   54  7452 3.642
   55 21589 4.002
   56 34265 19.271
   57 28761 43.598
   58 15835 41.606
   59  8961 9.362
   60 16552 8.471
   61 14872 11.440
   62  5353 0.961
   63 42426 78.142
   64  4998 3.069
   65  7958 19.999
   66  3594 0.872
   67 22838 13.049
   68 36429 26.345
   69  2280 0.249
   70  7682 3.402
   71  6199 4.082
   72 13888 4.208
   73  6486 3.779
   74 27819 72.877
   75  5008 0.897
   76  1377 0.308
   77   858 0.362
   78  1024 0.306
   79 26219 14.241
   80  5609 2.659
   81 11803 1.921
   82 23048 10.824
   83 22659 51.043
   84 16554 5.477
   85  5718 1.484
   86  3538 0.490
   87 12237 5.632
   88 14269 4.865
   89 52353 71.259
   90 11859 6.205
   91  3721 1.170
   92 10018 9.455
   93  6489 4.435
   94 13270 19.658
   95 31315 13.727
   96 23539 9.862
   97  5300 2.471
   98  6305 1.017
   99 13302 6.753
