    1      56474 9.293
    2     349430 14.359
    3      20526 3.189
    4     930072 14.377
    5     777008 14.389
    6    3153084 14.395
    7      53872 14.331
    8     890527 14.405
    9     485378 14.379
   10      22888 14.367
   11     241882 14.362
   12       8353 1.678
   13      45799 9.117
   14     126938 14.372
   15      77627 14.361
   16    1333420 14.377
   17    3265670 14.376
   18     101788 14.381
   19     232286 14.447
   20     478860 14.360
   21    1558144 14.398
   22     352976 14.367
   23     149985 14.371
   24     150030 14.366
   25     682204 14.378
   26    3773820 14.424
   27     185112 11.145
   28     793498 14.389
   29    1302574 14.371
   30     523804 14.396
   31    5754717 14.378
   32     485961 14.370
   33     348110 14.381
   34     167598 14.379
   35     107051 14.366
   36    2483850 14.376
   37    5177128 14.482
   38    1346800 14.392
   39    1415088 14.388
   40      62724 11.727
   41     158326 13.985
   42      52390 14.077
   43     103479 14.087
   44      52176 14.366
   45    2346019 14.407
   46    5864977 14.552
   47    1568400 14.383
   48      93004 14.366
   49      31115 1.447
   50      25687 1.780
   51      11275 14.372
   52     112742 14.366
   53      14408 1.878
   54     108685 12.365
   55     280275 14.365
   56    1573962 14.372
   57    3679710 14.414
   58    1844865 14.428
   59     562868 14.422
   60    1024945 14.375
   61     972543 14.379
   62     111404 14.091
   63    8202985 14.731
   64     147614 14.370
   65     533170 14.403
   66      93719 14.041
   67     795611 14.388
   68    3700329 14.426
   69      14177 1.404
   70     395301 14.379
   71     287441 14.366
   72     502880 14.371
   73     303052 14.378
   74    4982054 14.415
   75     187622 14.266
   76       6386 0.847
   77       5568 1.596
   78       4659 0.500
   79    1651096 14.451
   80      18727 9.415
   81     256614 14.367
   82    1833239 14.385
   83    3563752 14.384
   84     252924 14.379
   85     188800 14.299
   86      53607 3.369
   87     698700 14.371
   88     597956 14.385
   89    8124543 14.369
   90     861945 14.364
   91      34570 6.014
   92     702558 14.398
   93      89572 14.368
   94     805503 14.371
   95    2520436 14.384
   96     765837 14.370
   97     214336 14.360
   98     136762 14.304
   99    1026784 14.369
