    1      42970 13.569
    2     255422 13.630
    3      19889 5.762
    4     754495 13.669
    5     439994 13.606
    6    1544715 13.662
    7      46869 13.570
    8     604001 13.597
    9     427322 13.591
   10      17516 13.578
   11     195742 13.588
   12       6767 1.761
   13      34690 13.568
   14      95475 13.574
   15      50600 13.577
   16     837797 13.603
   17    2491584 13.952
   18      76572 13.577
   19     186134 13.578
   20     307024 13.596
   21     903479 13.731
   22     296378 13.606
   23      71606 13.585
   24      98233 13.583
   25     435007 13.604
   26    2153083 13.619
   27      72680 11.895
   28     747723 13.598
   29     732736 13.620
   30     394548 13.592
   31    2815368 13.620
   32     294685 13.595
   33     199760 13.581
   34     103624 13.586
   35      77661 13.580
   36    1404671 13.793
   37    3305034 13.738
   38     630175 13.645
   39     844028 13.636
   40      36293 9.368
   41     119704 13.570
   42      42473 13.582
   43      76438 13.577
   44      40496 8.977
   45    1291260 13.657
   46    2947511 13.643
   47     993351 13.611
   48      59449 13.589
   49      28773 2.986
   50      20639 1.917
   51       9106 7.347
   52      76506 13.571
   53      11846 2.763
   54      83865 13.582
   55     225862 13.593
   56     835928 13.610
   57    1357204 13.621
   58     361980 13.607
   59     339663 13.632
   60     744920 13.656
   61     668401 13.600
   62      87665 13.569
   63    3296696 13.630
   64      95991 13.584
   65     650554 13.628
   66      75994 13.577
   67     271201 13.616
   68    1890927 13.629
   69       7213 1.211
   70     262183 13.611
   71     186367 13.600
   72     310235 13.612
   73     231491 13.653
   74    3012855 14.917
   75     149382 13.605
   76       6475 1.368
   77       4180 3.148
   78       4315 0.524
   79    1137377 13.617
   80      14157 5.808
   81     142222 13.602
   82    1226057 13.608
   83    1430967 13.663
   84     203892 13.608
   85     143890 13.584
   86      50460 9.259
   87     504100 13.597
   88     377813 13.609
   89    7330771 13.673
   90     575455 13.645
   91      18878 4.735
   92     329857 13.613
   93      79037 13.602
   94     505426 13.618
   95    1400083 13.628
   96     640517 13.616
   97     174719 13.633
   98      71910 13.579
   99     801145 13.602
