    1      50578 5.482
    2     298710 14.365
    3      20499 2.938
    4     809659 14.381
    5     649313 14.378
    6    2525142 14.373
    7      49120 5.540
    8     849900 14.375
    9     499704 14.369
   10      20802 7.768
   11     216210 9.620
   12       7094 1.432
   13      45331 4.732
   14     116436 12.262
   15      66395 9.060
   16    1270339 14.373
   17    3299475 14.377
   18      97300 8.482
   19     228478 11.389
   20     377246 14.362
   21    1408527 14.374
   22     318506 14.369
   23     150486 14.376
   24     122777 12.030
   25     621128 14.382
   26    3342078 14.378
   27     134608 4.982
   28     901283 14.368
   29    1111759 14.368
   30     448773 14.376
   31    4038522 14.376
   32     437755 14.376
   33     307470 12.391
   34     154464 14.363
   35      99383 10.138
   36    2148133 14.370
   37    4233060 14.368
   38    1206867 14.363
   39    1335711 14.380
   40      62724 3.414
   41     150222 6.306
   42      49156 10.586
   43      93112 5.344
   44      45748 4.300
   45    2072200 14.374
   46    4763987 14.373
   47    1423620 14.369
   48     114338 14.369
   49      31115 1.432
   50      22848 1.789
   51      10594 14.367
   52     102633 8.974
   53      13599 1.622
   54     106311 9.994
   55     304381 14.377
   56    1451580 14.372
   57    3989472 14.369
   58    1327888 14.376
   59     514626 14.368
   60     877569 14.369
   61     839491 14.368
   62     108194 5.207
   63    9793261 14.380
   64     136184 14.367
   65     836532 14.373
   66      85230 6.105
   67     659499 14.378
   68    3250687 14.372
   69      14177 1.272
   70     361014 14.380
   71     277520 14.372
   72     421750 14.380
   73     280623 14.377
   74    4177790 14.378
   75     163736 12.903
   76       6386 0.851
   77       5568 1.400
   78       4659 0.494
   79    1554143 14.369
   80      17648 10.984
   81     240879 13.336
   82    1576586 14.368
   83    3202494 14.376
   84     284874 14.365
   85     182344 10.079
   86      53607 2.693
   87     628379 14.377
   88     539065 14.377
   89   10908828 14.390
   90     774093 14.361
   91      34570 3.841
   92     655696 14.387
   93      89719 14.361
   94     730382 14.377
   95    2088915 14.368
   96     786662 14.386
   97     201672 14.368
   98     116660 5.267
   99     971133 14.377
